-- 102.340.524.22 this u?

return {
7302296445,
7713588240,
5027325408,
8304747556,
5084923734,
5193715788,
3136267117,
274340146,
2895269010,
8418120858,
5710031336,
2238969977,
8336750752,
1853042167,
8313501684,
8335474392,
3221042332,
4012586738,
2600089050,
8336919740,
3902380213,
8335247477,
8831155680,
3526647412,
4007115661,
8507160697,
8491702139,
8418155106,
278388409,
5256807716,
87591570,
8216757302,
5136566336,
5642358247,
8212961355,
1710665384,
3953036654,
8212675900,
378684529,
4995783564,
3286771555,
5256803706,
8563579330,
3562347223,
8234591515,
5771543738,
8152350272,
997482542,
144181917,
4421803006,
7729960381,
2496061729,
8537403717,
8537384327,
5164448541,
1163439088,
1206519914,
5009658040,
3770935266,
8072239896,
553404633,
8216577510,
7349287541,
8328816448,
7185494985,
8153246127,
8153298040,
7782936185,
4509012570,
3770865002,
1615279819,
7988183320,
5256798872,
7544064694,
7750730118,
7750730118,
8232483064,
8217261879,
8244266092,
1903574934,
8000606756,
7185396285,
7514172264,
8223029880,
8535817381,
8350126236,
7949930666,
3082521545,
8579341515,
8233911319,
8223026545,
8597559937,
1121310975,
8212863606,
8640583256,
8640623908,
8640615464,
8640580194,
8648498364,
3494794352,
5637108021,
1817233671,
8216524466,
7210248066,
8216546937,
8232664882,
8593062617,
8608495597,
3324387218,
3974036314,
2952946421,
3414132528,
8656657536,
8349983475,
3890380869,
8353050054,
8235026165,
4995783564,
4053966058,
310377057,
2669979774,
11650443,
7899105591,
5273152835,
4660731833,
8350001335,
5224309967,
8370223257,
8683833081,
8061129919,
7899125355,
8564661293,
7787800311,
8349905922,
8695973198,
4475396358,
8545457552,
5256793868,
4357475454,
12113254,
3049821755,
8651933537,
6141910944,
3558945981,
7635033609,
7656462020,
8573713835,
8573700730,
6141908610,
7776513397,
7776513397,
8678800520,
7776509896,
3444724112,
8678800520,
5499877778,
13438553315,
8304801114,
2381111307,
8304801114,
8304067634,
3532679102,
3677051848,
5065012300,
6160807753,
1928988209,
3513429951,
8679067620,
557811,
8530791420,
1977934352,
8300465969,
8252737689,
8334861450,
8335294059,
7598647669,
461333855,
7773712119,
2808938980,
5614064507,
7773734441,
8729452781,
1478926326,
8021005239,
8303608822,
8338117145,
7770374196,
7156851441,
1281199155,
5145887070,
2832838813,
3497535288,
8305364614,
8303576485,
5084923734,
5084923734,
3677051848,
8338142570,
1281205581,
8335247477,
4969166592,
6076739338,
8460859862,
8335474392,
8342178677,
8336913957,
1309154073,
7773467631,
}
